image: mc_map_edit.pgm
resolution: 0.050000
origin: [-28.950000, -9.705566, 0.000000]
negate: 0
occupied_thresh: 0.65
free_thresh: 0.196

